2 0.36171875 0.66875 0.02890625 0.09609375
2 0.32734375 0.7421875 0.0375 0.090625
2 0.5640625 0.8125 0.0421875 0.09375
2 0.5421875 0.68046875 0.0265625 0.07421875
2 0.6515625 0.76015625 0.025 0.053125
2 0.66328125 0.87734375 0.05546875 0.10234375
2 0.61953125 0.65078125 0.02890625 0.0796875
2 0.653125 0.75 0.0125 0.06015625
2 0.68046875 0.725 0.02265625 0.0609375
2 0.78359375 0.8015625 0.03359375 0.06171875
2 0.78671875 0.90859375 0.03203125 0.090625
2 0.90234375 0.77890625 0.03828125 0.08515625
2 0.20234375 0.61953125 0.07734375 0.14609375
2 0.053125 0.6859375 0.084375 0.09375
1 0.53984375 0.76796875 0.9171875 0.4640625