2 0.36875 0.5859375 0.06875 0.1265625
2 0.33203125 0.70546875 0.0765625 0.09375
0 0 0 0 1 1 1 1 0 0 0
2 0.16796875 0.35625 0.08203125 0.08515625
2 0.13359375 0.44921875 0.11953125 0.03828125
2 0.18984375 0.92890625 0.17109375 0.12421875
2 0.6046875 0.54375 0.09140625 0.159375
2 0.53359375 0.39609375 0.05078125 0.075
2 0.50078125 0.56171875 0.0453125 0.084375
2 0.53828125 0.91796875 0.1203125 0.1640625
2 0.74375 0.3890625 0.03359375 0.08359375
2 0.715625 0.728125 0.046875 0.134375
2 0.43515625 0.03203125 0.0671875 0.0640625
2 0.15703125 0.07734375 0.1921875 0.1546875