2 0.09609375 0.4484375 0.13203125 0.225
2 0.246875 0.884375 0.27578125 0.23046875
2 0.3609375 0.615625 0.16953125 0.39140625
2 0.28203125 0.34453125 0.13515625 0.22890625
2 0.50234375 0.4015625 0.1015625 0.21953125
2 0.6046875 0.47890625 0.07421875 0.3015625
2 0.7375 0.7890625 0.20625 0.421875
2 0.84296875 0.53046875 0.3140625 0.49375
2 0.64296875 0.24453125 0.0640625 0.20546875
2 0.72265625 0.190625 0.0671875 0.196875
2 0.52109375 0.19765625 0.06953125 0.18984375
0 0.34375 0.5515625 0.68203125 0.896875